1	1.00000000e+00	1.00000000e+00	0.00000000e+00
2	1.50000000e+00	1.50000000e+00	0.00000000e+00
3	1.83333337e+00	1.83333337e+00	0.00000000e+00
4	2.08333349e+00	2.08333325e+00	1.14440923e-07
5	2.28333354e+00	2.28333330e+00	1.04416898e-07
6	2.45000029e+00	2.45000005e+00	9.73137020e-08
7	2.59285736e+00	2.59285712e+00	9.19520673e-08
8	2.71785736e+00	2.71785712e+00	8.77230022e-08
9	2.82896852e+00	2.82896829e+00	8.42775734e-08
10	2.92896843e+00	2.92896843e+00	0.00000000e+00
11	3.01987743e+00	3.01987743e+00	0.00000000e+00
12	3.10321069e+00	3.10321093e+00	7.68296431e-08
13	3.18013382e+00	3.18013382e+00	0.00000000e+00
14	3.25156236e+00	3.25156236e+00	0.00000000e+00
15	3.31822896e+00	3.31822920e+00	7.18511473e-08
16	3.38072896e+00	3.38072920e+00	7.05228231e-08
17	3.43955255e+00	3.43955255e+00	0.00000000e+00
18	3.49510813e+00	3.49510813e+00	0.00000000e+00
19	3.54773974e+00	3.54773974e+00	0.00000000e+00
20	3.59773970e+00	3.59773970e+00	0.00000000e+00
21	3.64535880e+00	3.64535880e+00	0.00000000e+00
22	3.69081330e+00	3.69081330e+00	0.00000000e+00
23	3.73429155e+00	3.73429155e+00	0.00000000e+00
24	3.77595830e+00	3.77595830e+00	0.00000000e+00
25	3.81595826e+00	3.81595826e+00	0.00000000e+00
26	3.85441971e+00	3.85441971e+00	0.00000000e+00
27	3.89145684e+00	3.89145684e+00	0.00000000e+00
28	3.92717123e+00	3.92717099e+00	6.07100077e-08
29	3.96165395e+00	3.96165395e+00	0.00000000e+00
30	3.99498725e+00	3.99498725e+00	0.00000000e+00
31	4.02724552e+00	4.02724552e+00	0.00000000e+00
32	4.05849552e+00	4.05849552e+00	0.00000000e+00
33	4.08879852e+00	4.08879852e+00	0.00000000e+00
34	4.11821032e+00	4.11820984e+00	1.15787486e-07
35	4.14678192e+00	4.14678144e+00	1.14989703e-07
36	4.17455959e+00	4.17455959e+00	0.00000000e+00
37	4.20158672e+00	4.20158625e+00	1.13489797e-07
38	4.22790241e+00	4.22790241e+00	0.00000000e+00
39	4.25354338e+00	4.25354290e+00	1.12103528e-07
40	4.27854347e+00	4.27854347e+00	0.00000000e+00
41	4.30293369e+00	4.30293369e+00	0.00000000e+00
42	4.32674313e+00	4.32674313e+00	0.00000000e+00
43	4.34999895e+00	4.34999895e+00	0.00000000e+00
44	4.37272644e+00	4.37272644e+00	0.00000000e+00
45	4.39494848e+00	4.39494848e+00	0.00000000e+00
46	4.41668749e+00	4.41668749e+00	0.00000000e+00
47	4.43796396e+00	4.43796444e+00	1.07445018e-07
48	4.45879745e+00	4.45879745e+00	0.00000000e+00
49	4.47920561e+00	4.47920609e+00	1.06455730e-07
50	4.49920559e+00	4.49920559e+00	0.00000000e+00
51	4.51881361e+00	4.51881361e+00	0.00000000e+00
52	4.53804445e+00	4.53804445e+00	0.00000000e+00
53	4.55691242e+00	4.55691242e+00	0.00000000e+00
54	4.57543087e+00	4.57543087e+00	0.00000000e+00
55	4.59361267e+00	4.59361267e+00	0.00000000e+00
56	4.61146975e+00	4.61146975e+00	0.00000000e+00
57	4.62901354e+00	4.62901402e+00	1.03010521e-07
58	4.64625502e+00	4.64625502e+00	0.00000000e+00
59	4.66320419e+00	4.66320419e+00	0.00000000e+00
60	4.67987108e+00	4.67987061e+00	1.01891096e-07
61	4.69626474e+00	4.69626427e+00	1.01535420e-07
62	4.71239376e+00	4.71239328e+00	1.01187894e-07
63	4.72826672e+00	4.72826624e+00	1.00848204e-07
64	4.74389172e+00	4.74389124e+00	1.00516040e-07
65	4.75927639e+00	4.75927591e+00	1.00191116e-07
66	4.77442789e+00	4.77442741e+00	9.98731622e-08
67	4.78935337e+00	4.78935242e+00	1.99123861e-07
68	4.80405903e+00	4.80405855e+00	9.92571501e-08
69	4.81855202e+00	4.81855106e+00	1.97917231e-07
70	4.83283758e+00	4.83283710e+00	9.86660922e-08
71	4.84692192e+00	4.84692144e+00	9.83793882e-08
72	4.86081076e+00	4.86081028e+00	9.80982833e-08
73	4.87450933e+00	4.87450886e+00	9.78226069e-08
74	4.88802290e+00	4.88802242e+00	9.75521601e-08
75	4.90135622e+00	4.90135574e+00	9.72867866e-08
76	4.91451406e+00	4.91451359e+00	9.70263159e-08
77	4.92750120e+00	4.92750072e+00	9.67705915e-08
78	4.94032192e+00	4.94032097e+00	1.93038943e-07
79	4.95298004e+00	4.95297909e+00	1.92545599e-07
80	4.96547985e+00	4.96547937e+00	9.60304405e-08
81	4.97782564e+00	4.97782516e+00	9.57922666e-08
82	4.99002075e+00	4.99001980e+00	1.91116342e-07
83	5.00206900e+00	5.00206852e+00	9.53279908e-08
84	5.01397371e+00	5.01397324e+00	9.51016546e-08
85	5.02573824e+00	5.02573776e+00	9.48790344e-08
86	5.03736591e+00	5.03736544e+00	9.46600309e-08
87	5.04886007e+00	5.04885960e+00	9.44445304e-08
88	5.06022358e+00	5.06022358e+00	0.00000000e+00
89	5.07145977e+00	5.07145929e+00	9.40236617e-08
90	5.08257103e+00	5.08257008e+00	1.87636232e-07
91	5.09356022e+00	5.09355927e+00	1.87231421e-07
92	5.10442972e+00	5.10442877e+00	1.86832722e-07
93	5.11518240e+00	5.11518145e+00	1.86439976e-07
94	5.12582064e+00	5.12581968e+00	1.86053043e-07
95	5.13634682e+00	5.13634586e+00	1.85671752e-07
96	5.14676332e+00	5.14676285e+00	9.26479728e-08
97	5.15707254e+00	5.15707207e+00	9.24627699e-08
98	5.16727686e+00	5.16727638e+00	9.22801746e-08
99	5.17737770e+00	5.17737722e+00	9.21001373e-08
100	5.18737793e+00	5.18737698e+00	1.83845188e-07
101	5.19727898e+00	5.19727802e+00	1.83494961e-07
102	5.20708275e+00	5.20708179e+00	1.83149481e-07
103	5.21679163e+00	5.21679115e+00	9.14043028e-08
104	5.22640705e+00	5.22640610e+00	1.82472291e-07
105	5.23593092e+00	5.23592997e+00	1.82140383e-07
106	5.24536467e+00	5.24536419e+00	9.09063971e-08
107	5.25471067e+00	5.25470972e+00	1.81489440e-07
108	5.26396990e+00	5.26396894e+00	1.81170208e-07
109	5.27314425e+00	5.27314329e+00	1.80854997e-07
110	5.28223515e+00	5.28223419e+00	1.80543736e-07
111	5.29124403e+00	5.29124355e+00	9.01181636e-08
112	5.30017281e+00	5.30017185e+00	1.79932712e-07
113	5.30902243e+00	5.30902100e+00	2.69449203e-07
114	5.31779432e+00	5.31779289e+00	2.69004744e-07
115	5.32648993e+00	5.32648897e+00	1.79043710e-07
116	5.33511066e+00	5.33510971e+00	1.78754391e-07
117	5.34365749e+00	5.34365654e+00	1.78468497e-07
118	5.35213184e+00	5.35213089e+00	1.78185914e-07
119	5.36053514e+00	5.36053467e+00	8.89532856e-08
120	5.36886835e+00	5.36886787e+00	8.88152130e-08
121	5.37713289e+00	5.37713242e+00	8.86787106e-08
122	5.38532972e+00	5.38532925e+00	8.85437359e-08
123	5.39345980e+00	5.39345932e+00	8.84102604e-08
124	5.40152454e+00	5.40152359e+00	1.76556540e-07
125	5.40952444e+00	5.40952396e+00	8.81477149e-08
126	5.41746092e+00	5.41746044e+00	8.80185738e-08
127	5.42533493e+00	5.42533398e+00	1.75781679e-07
128	5.43314743e+00	5.43314648e+00	1.75528911e-07
129	5.44089937e+00	5.44089890e+00	8.76394068e-08
130	5.44859171e+00	5.44859123e+00	8.75156800e-08
131	5.45622540e+00	5.45622444e+00	1.74786493e-07
132	5.46380138e+00	5.46380043e+00	1.74544141e-07
133	5.47132015e+00	5.47131920e+00	1.74304276e-07
134	5.47878265e+00	5.47878170e+00	1.74066855e-07
135	5.48618984e+00	5.48618937e+00	8.69159109e-08
136	5.49354267e+00	5.49354219e+00	8.67995809e-08
137	5.50084209e+00	5.50084162e+00	8.66844019e-08
138	5.50808859e+00	5.50808811e+00	8.65703598e-08
139	5.51528263e+00	5.51528215e+00	8.64574403e-08
140	5.52242565e+00	5.52242517e+00	8.63456080e-08
141	5.52951765e+00	5.52951717e+00	8.62348628e-08
142	5.53656006e+00	5.53655958e+00	8.61251763e-08
143	5.54355288e+00	5.54355240e+00	8.60165343e-08
144	5.55049753e+00	5.55049706e+00	8.59089084e-08
145	5.55739403e+00	5.55739355e+00	8.58022986e-08
146	5.56424332e+00	5.56424284e+00	8.56966835e-08
147	5.57104588e+00	5.57104588e+00	0.00000000e+00
148	5.57780266e+00	5.57780266e+00	0.00000000e+00
149	5.58451414e+00	5.58451414e+00	0.00000000e+00
150	5.59118080e+00	5.59118080e+00	0.00000000e+00
151	5.59780312e+00	5.59780312e+00	0.00000000e+00
152	5.60438204e+00	5.60438204e+00	0.00000000e+00
153	5.61091805e+00	5.61091805e+00	0.00000000e+00
154	5.61741161e+00	5.61741161e+00	0.00000000e+00
155	5.62386322e+00	5.62386322e+00	0.00000000e+00
156	5.63027334e+00	5.63027334e+00	0.00000000e+00
157	5.63664293e+00	5.63664293e+00	0.00000000e+00
158	5.64297199e+00	5.64297199e+00	0.00000000e+00
159	5.64926147e+00	5.64926147e+00	0.00000000e+00
160	5.65551138e+00	5.65551138e+00	0.00000000e+00
161	5.66172266e+00	5.66172266e+00	0.00000000e+00
162	5.66789532e+00	5.66789532e+00	0.00000000e+00
163	5.67403030e+00	5.67403030e+00	0.00000000e+00
164	5.68012810e+00	5.68012810e+00	0.00000000e+00
165	5.68618870e+00	5.68618870e+00	0.00000000e+00
166	5.69221258e+00	5.69221258e+00	0.00000000e+00
167	5.69820070e+00	5.69820070e+00	0.00000000e+00
168	5.70415306e+00	5.70415306e+00	0.00000000e+00
169	5.71007013e+00	5.71007013e+00	0.00000000e+00
170	5.71595240e+00	5.71595240e+00	0.00000000e+00
171	5.72180033e+00	5.72180033e+00	0.00000000e+00
172	5.72761440e+00	5.72761440e+00	0.00000000e+00
173	5.73339462e+00	5.73339510e+00	8.31683735e-08
174	5.73914194e+00	5.73914194e+00	0.00000000e+00
175	5.74485636e+00	5.74485636e+00	0.00000000e+00
176	5.75053835e+00	5.75053835e+00	0.00000000e+00
177	5.75618792e+00	5.75618792e+00	0.00000000e+00
178	5.76180601e+00	5.76180601e+00	0.00000000e+00
179	5.76739264e+00	5.76739264e+00	0.00000000e+00
180	5.77294827e+00	5.77294827e+00	0.00000000e+00
181	5.77847290e+00	5.77847290e+00	0.00000000e+00
182	5.78396749e+00	5.78396749e+00	0.00000000e+00
183	5.78943205e+00	5.78943205e+00	0.00000000e+00
184	5.79486704e+00	5.79486656e+00	8.22861352e-08
185	5.80027246e+00	5.80027199e+00	8.22094464e-08
186	5.80564880e+00	5.80564833e+00	8.21333188e-08
187	5.81099653e+00	5.81099606e+00	8.20577313e-08
188	5.81631565e+00	5.81631517e+00	8.19826909e-08
189	5.82160664e+00	5.82160616e+00	8.19081762e-08
190	5.82686996e+00	5.82686949e+00	8.18341945e-08
191	5.83210564e+00	5.83210468e+00	1.63521463e-07
192	5.83731413e+00	5.83731318e+00	1.63375560e-07
193	5.84249544e+00	5.84249449e+00	1.63230681e-07
194	5.84765005e+00	5.84764910e+00	1.63086796e-07
195	5.85277843e+00	5.85277748e+00	1.62943891e-07
196	5.85788059e+00	5.85787916e+00	2.44202965e-07
197	5.86295652e+00	5.86295557e+00	1.62661024e-07
198	5.86800718e+00	5.86800623e+00	1.62521019e-07
199	5.87303209e+00	5.87303114e+00	1.62381966e-07
200	5.87803221e+00	5.87803125e+00	1.62243836e-07
201	5.88300753e+00	5.88300657e+00	1.62106616e-07
202	5.88795805e+00	5.88795710e+00	1.61970320e-07
203	5.89288425e+00	5.89288282e+00	2.42752407e-07
204	5.89778614e+00	5.89778519e+00	1.61700413e-07
205	5.90266418e+00	5.90266275e+00	2.42350183e-07
206	5.90751839e+00	5.90751743e+00	1.61434031e-07
207	5.91234922e+00	5.91234827e+00	1.61302125e-07
208	5.91715670e+00	5.91715574e+00	1.61171073e-07
209	5.92194128e+00	5.92194080e+00	8.05204223e-08
210	5.92670298e+00	5.92670298e+00	0.00000000e+00
211	5.93144226e+00	5.93144178e+00	8.03914446e-08
212	5.93615913e+00	5.93615913e+00	0.00000000e+00
213	5.94085407e+00	5.94085360e+00	8.02640798e-08
214	5.94552708e+00	5.94552660e+00	8.02009978e-08
215	5.95017815e+00	5.95017767e+00	8.01383067e-08
216	5.95480776e+00	5.95480776e+00	0.00000000e+00
217	5.95941591e+00	5.95941591e+00	0.00000000e+00
218	5.96400309e+00	5.96400309e+00	0.00000000e+00
219	5.96856928e+00	5.96856928e+00	0.00000000e+00
220	5.97311497e+00	5.97311449e+00	7.98305706e-08
221	5.97763968e+00	5.97763968e+00	0.00000000e+00
222	5.98214436e+00	5.98214388e+00	7.97100768e-08
223	5.98662853e+00	5.98662853e+00	0.00000000e+00
224	5.99109268e+00	5.99109268e+00	0.00000000e+00
225	5.99553728e+00	5.99553728e+00	0.00000000e+00
226	5.99996185e+00	5.99996233e+00	7.94733594e-08
227	6.00436735e+00	6.00436735e+00	0.00000000e+00
228	6.00875330e+00	6.00875330e+00	0.00000000e+00
229	6.01312017e+00	6.01312017e+00	0.00000000e+00
230	6.01746798e+00	6.01746798e+00	0.00000000e+00
231	6.02179718e+00	6.02179670e+00	7.91851988e-08
232	6.02610731e+00	6.02610731e+00	0.00000000e+00
233	6.03039932e+00	6.03039885e+00	7.90722439e-08
234	6.03467274e+00	6.03467226e+00	7.90162460e-08
235	6.03892803e+00	6.03892756e+00	7.89605679e-08
236	6.04316521e+00	6.04316473e+00	7.89052095e-08
237	6.04738474e+00	6.04738474e+00	0.00000000e+00
238	6.05158663e+00	6.05158615e+00	7.87954022e-08
239	6.05577087e+00	6.05577040e+00	7.87409604e-08
240	6.05993748e+00	6.05993700e+00	7.86868171e-08
241	6.06408691e+00	6.06408644e+00	7.86329721e-08
242	6.06821918e+00	6.06821871e+00	7.85794256e-08
243	6.07233429e+00	6.07233381e+00	7.85261776e-08
244	6.07643270e+00	6.07643175e+00	1.56946442e-07
245	6.08051443e+00	6.08051348e+00	1.56841082e-07
246	6.08457947e+00	6.08457851e+00	1.56736306e-07
247	6.08862782e+00	6.08862734e+00	7.83160345e-08
248	6.09265995e+00	6.09265947e+00	7.82642076e-08
249	6.09667587e+00	6.09667540e+00	7.82126506e-08
250	6.10067606e+00	6.10067558e+00	7.81613707e-08
251	6.10466003e+00	6.10465956e+00	7.81103608e-08
252	6.10862827e+00	6.10862780e+00	7.80596210e-08
253	6.11258078e+00	6.11258030e+00	7.80091440e-08
254	6.11651802e+00	6.11651754e+00	7.79589300e-08
255	6.12043953e+00	6.12043905e+00	7.79089788e-08
256	6.12434578e+00	6.12434530e+00	7.78592835e-08
257	6.12823677e+00	6.12823629e+00	7.78098510e-08
258	6.13211250e+00	6.13211250e+00	0.00000000e+00
259	6.13597345e+00	6.13597345e+00	0.00000000e+00
260	6.13981962e+00	6.13981962e+00	0.00000000e+00
261	6.14365101e+00	6.14365101e+00	0.00000000e+00
262	6.14746761e+00	6.14746761e+00	0.00000000e+00
263	6.15126991e+00	6.15126991e+00	0.00000000e+00
264	6.15505791e+00	6.15505743e+00	7.74707871e-08
265	6.15883160e+00	6.15883112e+00	7.74233229e-08
266	6.16259098e+00	6.16259050e+00	7.73760931e-08
267	6.16633654e+00	6.16633606e+00	7.73290907e-08
268	6.17006779e+00	6.17006731e+00	7.72823299e-08
269	6.17378521e+00	6.17378473e+00	7.72357893e-08
270	6.17748880e+00	6.17748833e+00	7.71894904e-08
271	6.18117905e+00	6.18117857e+00	7.71434046e-08
272	6.18485546e+00	6.18485498e+00	7.70975461e-08
273	6.18851852e+00	6.18851805e+00	7.70519151e-08
274	6.19216824e+00	6.19216776e+00	7.70064972e-08
275	6.19580460e+00	6.19580412e+00	7.69612996e-08
276	6.19942760e+00	6.19942713e+00	7.69163293e-08
277	6.20303774e+00	6.20303726e+00	7.68715580e-08
278	6.20663500e+00	6.20663452e+00	7.68270070e-08
279	6.21021938e+00	6.21021843e+00	1.53565338e-07
280	6.21379089e+00	6.21378994e+00	1.53477075e-07
281	6.21734953e+00	6.21734858e+00	1.53389237e-07
282	6.22089577e+00	6.22089481e+00	1.53301798e-07
283	6.22442913e+00	6.22442818e+00	1.53214771e-07
284	6.22795010e+00	6.22794962e+00	7.65640706e-08
285	6.23145866e+00	6.23145819e+00	7.65209620e-08
286	6.23495531e+00	6.23495483e+00	7.64780452e-08
287	6.23843956e+00	6.23843908e+00	7.64353345e-08
288	6.24191189e+00	6.24191141e+00	7.63928085e-08
289	6.24537230e+00	6.24537134e+00	1.52700977e-07
290	6.24882078e+00	6.24881983e+00	1.52616707e-07
291	6.25225735e+00	6.25225639e+00	1.52532820e-07
292	6.25568199e+00	6.25568104e+00	1.52449317e-07
293	6.25909519e+00	6.25909376e+00	2.28549297e-07
294	6.26249647e+00	6.26249504e+00	2.28425165e-07
295	6.26588631e+00	6.26588488e+00	2.28301587e-07
296	6.26926470e+00	6.26926327e+00	2.28178564e-07
297	6.27263165e+00	6.27263021e+00	2.28056081e-07
298	6.27598715e+00	6.27598619e+00	1.51956087e-07
299	6.27933168e+00	6.27933073e+00	1.51875156e-07
300	6.28266525e+00	6.28266430e+00	1.51794566e-07
301	6.28598738e+00	6.28598595e+00	2.27571533e-07
302	6.28929853e+00	6.28929758e+00	1.51634467e-07
303	6.29259872e+00	6.29259777e+00	1.51554943e-07
304	6.29588842e+00	6.29588699e+00	2.27213647e-07
305	6.29916716e+00	6.29916573e+00	2.27095384e-07
306	6.30243492e+00	6.30243397e+00	1.51318417e-07
307	6.30569220e+00	6.30569124e+00	1.51240243e-07
308	6.30893898e+00	6.30893803e+00	1.51162411e-07
309	6.31217527e+00	6.31217384e+00	2.26627392e-07
310	6.31540108e+00	6.31539965e+00	2.26511631e-07
311	6.31861639e+00	6.31861544e+00	1.50930902e-07
312	6.32182169e+00	6.32182026e+00	2.26281585e-07
313	6.32501650e+00	6.32501507e+00	2.26167288e-07
314	6.32820129e+00	6.32819986e+00	2.26053459e-07
315	6.33137608e+00	6.33137417e+00	3.01253493e-07
316	6.33454084e+00	6.33453894e+00	3.01103000e-07
317	6.33769560e+00	6.33769369e+00	3.00953104e-07
318	6.34084034e+00	6.34083843e+00	3.00803862e-07
319	6.34397507e+00	6.34397316e+00	3.00655216e-07
320	6.34710026e+00	6.34709787e+00	3.75634016e-07
321	6.35021544e+00	6.35021353e+00	3.00359773e-07
322	6.35332108e+00	6.35331917e+00	3.00212946e-07
323	6.35641718e+00	6.35641527e+00	3.00066716e-07
324	6.35950375e+00	6.35950136e+00	3.74901362e-07
325	6.36258078e+00	6.36257839e+00	3.74720059e-07
326	6.36564827e+00	6.36564589e+00	3.74539496e-07
327	6.36870623e+00	6.36870432e+00	2.99487709e-07
328	6.37175512e+00	6.37175274e+00	3.74180530e-07
329	6.37479448e+00	6.37479210e+00	3.74002127e-07
330	6.37782478e+00	6.37782240e+00	3.73824435e-07
331	6.38084602e+00	6.38084364e+00	3.73647424e-07
332	6.38385820e+00	6.38385582e+00	3.73471124e-07
333	6.38686132e+00	6.38685894e+00	3.73295507e-07
334	6.38985538e+00	6.38985300e+00	3.73120599e-07
335	6.39284039e+00	6.39283800e+00	3.72946374e-07
336	6.39581680e+00	6.39581394e+00	4.47327409e-07
337	6.39878416e+00	6.39878130e+00	4.47119987e-07
338	6.40174294e+00	6.40174007e+00	4.46913333e-07
339	6.40469265e+00	6.40468979e+00	4.46707503e-07
340	6.40763378e+00	6.40763092e+00	4.46502469e-07
341	6.41056633e+00	6.41056347e+00	4.46298202e-07
342	6.41349030e+00	6.41348743e+00	4.46094731e-07
343	6.41640568e+00	6.41640282e+00	4.45892027e-07
344	6.41931248e+00	6.41931009e+00	3.71408419e-07
345	6.42221117e+00	6.42220879e+00	3.71240787e-07
346	6.42510128e+00	6.42509890e+00	3.71073781e-07
347	6.42798328e+00	6.42798090e+00	3.70907429e-07
348	6.43085670e+00	6.43085432e+00	3.70741702e-07
349	6.43372202e+00	6.43371964e+00	3.70576572e-07
350	6.43657923e+00	6.43657684e+00	3.70412067e-07
351	6.43942833e+00	6.43942547e+00	4.44297854e-07
352	6.44226933e+00	6.44226646e+00	4.44101914e-07
353	6.44510221e+00	6.44509935e+00	4.43906714e-07
354	6.44792700e+00	6.44792414e+00	4.43712253e-07
355	6.45074368e+00	6.45074129e+00	3.69598723e-07
356	6.45355272e+00	6.45355034e+00	3.69437856e-07
357	6.45635366e+00	6.45635128e+00	3.69277586e-07
358	6.45914698e+00	6.45914459e+00	3.69117885e-07
359	6.46193266e+00	6.46193027e+00	3.68958752e-07
360	6.46471024e+00	6.46470785e+00	3.68800244e-07
361	6.46748018e+00	6.46747780e+00	3.68642276e-07
362	6.47024250e+00	6.47024059e+00	2.94787895e-07
363	6.47299719e+00	6.47299528e+00	2.94662442e-07
364	6.47574425e+00	6.47574234e+00	2.94537443e-07
365	6.47848415e+00	6.47848225e+00	2.94412871e-07
366	6.48121643e+00	6.48121452e+00	2.94288753e-07
367	6.48394108e+00	6.48393917e+00	2.94165091e-07
368	6.48665857e+00	6.48665667e+00	2.94041854e-07
369	6.48936844e+00	6.48936653e+00	2.93919072e-07
370	6.49207115e+00	6.49206924e+00	2.93796717e-07
371	6.49476671e+00	6.49476480e+00	2.93674788e-07
372	6.49745512e+00	6.49745274e+00	3.66941606e-07
373	6.50013590e+00	6.50013351e+00	3.66790289e-07
374	6.50280952e+00	6.50280762e+00	2.93311558e-07
375	6.50547600e+00	6.50547409e+00	2.93191334e-07
376	6.50813580e+00	6.50813389e+00	2.93071508e-07
377	6.51078844e+00	6.51078606e+00	3.66190164e-07
378	6.51343393e+00	6.51343155e+00	3.66041434e-07
379	6.51607227e+00	6.51607037e+00	2.92714560e-07
380	6.51870394e+00	6.51870203e+00	2.92596383e-07
381	6.52132845e+00	6.52132654e+00	2.92478632e-07
382	6.52394629e+00	6.52394438e+00	2.92361278e-07
383	6.52655745e+00	6.52655554e+00	2.92244295e-07
384	6.52916145e+00	6.52915955e+00	2.92127737e-07
385	6.53175879e+00	6.53175688e+00	2.92011578e-07
386	6.53434944e+00	6.53434753e+00	2.91895816e-07
387	6.53693342e+00	6.53693151e+00	2.91780424e-07
388	6.53951073e+00	6.53950882e+00	2.91665430e-07
389	6.54208136e+00	6.54207993e+00	2.18663104e-07
390	6.54464531e+00	6.54464388e+00	2.18577441e-07
391	6.54720306e+00	6.54720163e+00	2.18492048e-07
392	6.54975414e+00	6.54975271e+00	2.18406939e-07
393	6.55229855e+00	6.55229712e+00	2.18322128e-07
394	6.55483675e+00	6.55483484e+00	2.90983479e-07
395	6.55736828e+00	6.55736685e+00	2.18153346e-07
396	6.55989361e+00	6.55989218e+00	2.18069360e-07
397	6.56241226e+00	6.56241083e+00	2.17985658e-07
398	6.56492472e+00	6.56492329e+00	2.17902240e-07
399	6.56743097e+00	6.56742954e+00	2.17819078e-07
400	6.56993103e+00	6.56992960e+00	2.17736201e-07
401	6.57242489e+00	6.57242346e+00	2.17653579e-07
402	6.57491255e+00	6.57491112e+00	2.17571227e-07
403	6.57739401e+00	6.57739210e+00	2.89985536e-07
404	6.57986927e+00	6.57986736e+00	2.89876454e-07
405	6.58233833e+00	6.58233643e+00	2.89767712e-07
406	6.58480120e+00	6.58479977e+00	2.17244491e-07
407	6.58725834e+00	6.58725643e+00	2.89551309e-07
408	6.58970928e+00	6.58970785e+00	2.17082686e-07
409	6.59215450e+00	6.59215260e+00	2.89336242e-07
410	6.59459352e+00	6.59459162e+00	2.89229234e-07
411	6.59702682e+00	6.59702444e+00	3.61403210e-07
412	6.59945393e+00	6.59945154e+00	3.61270281e-07
413	6.60187531e+00	6.60187292e+00	3.61137779e-07
414	6.60429096e+00	6.60428858e+00	3.61005704e-07
415	6.60670042e+00	6.60669804e+00	3.60874026e-07
416	6.60910416e+00	6.60910177e+00	3.60742774e-07
417	6.61150217e+00	6.61149979e+00	3.60611949e-07
418	6.61389446e+00	6.61389208e+00	3.60481522e-07
419	6.61628103e+00	6.61627913e+00	2.88281171e-07
420	6.61866188e+00	6.61865950e+00	3.60221861e-07
421	6.62103701e+00	6.62103510e+00	2.88074091e-07
422	6.62340689e+00	6.62340498e+00	2.87971005e-07
423	6.62577105e+00	6.62576914e+00	2.87868261e-07
424	6.62812948e+00	6.62812757e+00	2.87765829e-07
425	6.63048220e+00	6.63048029e+00	2.87663710e-07
426	6.63282967e+00	6.63282776e+00	2.87561903e-07
427	6.63517141e+00	6.63516951e+00	2.87460409e-07
428	6.63750792e+00	6.63750601e+00	2.87359228e-07
429	6.63983870e+00	6.63983679e+00	2.87258359e-07
430	6.64216423e+00	6.64216280e+00	2.15368331e-07
431	6.64448452e+00	6.64448309e+00	2.15293113e-07
432	6.64679956e+00	6.64679766e+00	2.86957516e-07
433	6.64910889e+00	6.64910746e+00	2.15143388e-07
434	6.65141296e+00	6.65141153e+00	2.15068852e-07
435	6.65371180e+00	6.65370989e+00	2.86659429e-07
436	6.65600538e+00	6.65600348e+00	2.86560635e-07
437	6.65829372e+00	6.65829229e+00	2.14846608e-07
438	6.66057682e+00	6.66057539e+00	2.14772953e-07
439	6.66285467e+00	6.66285324e+00	2.14699526e-07
440	6.66512728e+00	6.66512632e+00	1.43084208e-07
441	6.66739464e+00	6.66739321e+00	2.14553339e-07
442	6.66965723e+00	6.66965628e+00	1.42987020e-07
443	6.67191458e+00	6.67191362e+00	1.42938646e-07
444	6.67416668e+00	6.67416573e+00	1.42890414e-07
445	6.67641401e+00	6.67641306e+00	1.42842325e-07
446	6.67865610e+00	6.67865515e+00	1.42794363e-07
447	6.68089342e+00	6.68089247e+00	1.42746543e-07
448	6.68312550e+00	6.68312407e+00	2.14048313e-07
449	6.68535280e+00	6.68535185e+00	1.42651331e-07
450	6.68757486e+00	6.68757391e+00	1.42603923e-07
451	6.68979216e+00	6.68979120e+00	1.42556658e-07
452	6.69200468e+00	6.69200373e+00	1.42509535e-07
453	6.69421196e+00	6.69421101e+00	1.42462540e-07
454	6.69641447e+00	6.69641352e+00	1.42415686e-07
455	6.69861221e+00	6.69861174e+00	7.11844734e-08
456	6.70080519e+00	6.70080423e+00	1.42322364e-07
457	6.70299339e+00	6.70299292e+00	7.11379471e-08
458	6.70517683e+00	6.70517588e+00	1.42229581e-07
459	6.70735550e+00	6.70735502e+00	7.10916837e-08
460	6.70952940e+00	6.70952845e+00	1.42137310e-07
461	6.71169853e+00	6.71169806e+00	7.10456831e-08
462	6.71386290e+00	6.71386194e+00	1.42045565e-07
463	6.71602249e+00	6.71602201e+00	7.09999384e-08
464	6.71817780e+00	6.71817732e+00	7.09771584e-08
465	6.72032833e+00	6.72032785e+00	7.09544494e-08
466	6.72247410e+00	6.72247362e+00	7.09317973e-08
467	6.72461557e+00	6.72461462e+00	1.41818433e-07
468	6.72675228e+00	6.72675180e+00	7.08866850e-08
469	6.72888470e+00	6.72888374e+00	1.41728464e-07
470	6.73101234e+00	6.73101139e+00	1.41683657e-07
471	6.73313570e+00	6.73313475e+00	1.41638978e-07
472	6.73525429e+00	6.73525333e+00	1.41594427e-07
473	6.73736858e+00	6.73736763e+00	1.41549990e-07
474	6.73947811e+00	6.73947716e+00	1.41505680e-07
475	6.74158335e+00	6.74158239e+00	1.41461499e-07
476	6.74368429e+00	6.74368334e+00	1.41417416e-07
477	6.74578094e+00	6.74577951e+00	2.12060215e-07
478	6.74787283e+00	6.74787188e+00	1.41329636e-07
479	6.74996042e+00	6.74995947e+00	1.41285938e-07
480	6.75204372e+00	6.75204277e+00	1.41242339e-07
481	6.75412273e+00	6.75412178e+00	1.41198868e-07
482	6.75619745e+00	6.75619650e+00	1.41155496e-07
483	6.75826788e+00	6.75826693e+00	1.41112253e-07
484	6.76033401e+00	6.76033306e+00	1.41069137e-07
485	6.76239586e+00	6.76239491e+00	1.41026121e-07
486	6.76445341e+00	6.76445246e+00	1.40983218e-07
487	6.76650667e+00	6.76650572e+00	1.40940443e-07
488	6.76855564e+00	6.76855516e+00	7.04488841e-08
489	6.77060080e+00	6.77059984e+00	1.40855221e-07
490	6.77264166e+00	6.77264071e+00	1.40812773e-07
491	6.77467823e+00	6.77467728e+00	1.40770439e-07
492	6.77671099e+00	6.77671003e+00	1.40728218e-07
493	6.77873945e+00	6.77873850e+00	1.40686112e-07
494	6.78076363e+00	6.78076267e+00	1.40644104e-07
495	6.78278399e+00	6.78278255e+00	2.10903337e-07
496	6.78480005e+00	6.78479862e+00	2.10840668e-07
497	6.78681231e+00	6.78681087e+00	2.10778154e-07
498	6.78882027e+00	6.78881884e+00	2.10715811e-07
499	6.79082441e+00	6.79082298e+00	2.10653624e-07
500	6.79282427e+00	6.79282284e+00	2.10591608e-07
501	6.79482031e+00	6.79481888e+00	2.10529748e-07
502	6.79681253e+00	6.79681063e+00	2.80624079e-07
503	6.79880047e+00	6.79879904e+00	2.10406498e-07
504	6.80078459e+00	6.80078316e+00	2.10345107e-07
505	6.80276489e+00	6.80276346e+00	2.10283872e-07
506	6.80474138e+00	6.80473948e+00	2.80297087e-07
507	6.80671358e+00	6.80671215e+00	2.10161886e-07
508	6.80868196e+00	6.80868053e+00	2.10101135e-07
509	6.81064653e+00	6.81064510e+00	2.10040525e-07
510	6.81260729e+00	6.81260586e+00	2.09980072e-07
511	6.81456423e+00	6.81456280e+00	2.09919776e-07
512	6.81651735e+00	6.81651592e+00	2.09859621e-07
513	6.81846666e+00	6.81846523e+00	2.09799623e-07
514	6.82041216e+00	6.82041073e+00	2.09739781e-07
515	6.82235384e+00	6.82235241e+00	2.09680096e-07
516	6.82429171e+00	6.82429075e+00	1.39747030e-07
517	6.82622576e+00	6.82622480e+00	1.39707424e-07
518	6.82815647e+00	6.82815552e+00	1.39667932e-07
519	6.83008337e+00	6.83008242e+00	1.39628526e-07
520	6.83200645e+00	6.83200550e+00	1.39589218e-07
521	6.83392572e+00	6.83392477e+00	1.39550011e-07
522	6.83584166e+00	6.83584070e+00	1.39510902e-07
523	6.83775377e+00	6.83775282e+00	1.39471894e-07
524	6.83966208e+00	6.83966112e+00	1.39432984e-07
525	6.84156704e+00	6.84156561e+00	2.09091240e-07
526	6.84346819e+00	6.84346676e+00	2.09033161e-07
527	6.84536552e+00	6.84536457e+00	1.39316811e-07
528	6.84725952e+00	6.84725857e+00	1.39278271e-07
529	6.84914970e+00	6.84914875e+00	1.39239830e-07
530	6.85103655e+00	6.85103559e+00	1.39201489e-07
531	6.85291958e+00	6.85291910e+00	6.95816098e-08
532	6.85479927e+00	6.85479879e+00	6.95625317e-08
533	6.85667562e+00	6.85667467e+00	1.39087007e-07
534	6.85854816e+00	6.85854721e+00	1.39049021e-07
535	6.86041737e+00	6.86041641e+00	1.39011135e-07
536	6.86228323e+00	6.86228228e+00	1.38973348e-07
537	6.86414528e+00	6.86414433e+00	1.38935647e-07
538	6.86600399e+00	6.86600304e+00	1.38898031e-07
539	6.86785936e+00	6.86785841e+00	1.38860514e-07
540	6.86971140e+00	6.86971045e+00	1.38823069e-07
541	6.87155962e+00	6.87155867e+00	1.38785737e-07
542	6.87340450e+00	6.87340403e+00	6.93742379e-08
543	6.87524605e+00	6.87524557e+00	6.93556572e-08
544	6.87708426e+00	6.87708378e+00	6.93371192e-08
545	6.87891912e+00	6.87891865e+00	6.93186237e-08
546	6.88075066e+00	6.88075018e+00	6.93001709e-08
547	6.88257885e+00	6.88257790e+00	1.38563536e-07
548	6.88440371e+00	6.88440275e+00	1.38526801e-07
549	6.88622522e+00	6.88622427e+00	1.38490165e-07
550	6.88804340e+00	6.88804293e+00	6.92268003e-08
551	6.88985825e+00	6.88985777e+00	6.92085607e-08
552	6.89166975e+00	6.89166927e+00	6.91903708e-08
553	6.89347792e+00	6.89347744e+00	6.91722235e-08
554	6.89528275e+00	6.89528275e+00	0.00000000e+00
555	6.89708471e+00	6.89708424e+00	6.91360498e-08
556	6.89888334e+00	6.89888287e+00	6.91180233e-08
557	6.90067863e+00	6.90067816e+00	6.91000466e-08
558	6.90247059e+00	6.90247059e+00	0.00000000e+00
559	6.90425968e+00	6.90425920e+00	6.90641997e-08
560	6.90604544e+00	6.90604496e+00	6.90463438e-08
561	6.90782785e+00	6.90782738e+00	6.90285304e-08
562	6.90960741e+00	6.90960693e+00	6.90107527e-08
563	6.91138363e+00	6.91138315e+00	6.89930175e-08
564	6.91315651e+00	6.91315603e+00	6.89753179e-08
565	6.91492653e+00	6.91492605e+00	6.89576680e-08
566	6.91669321e+00	6.91669273e+00	6.89400537e-08
567	6.91845703e+00	6.91845655e+00	6.89224748e-08
568	6.92021751e+00	6.92021704e+00	6.89049457e-08
569	6.92197514e+00	6.92197466e+00	6.88874451e-08
570	6.92372942e+00	6.92372894e+00	6.88699942e-08
571	6.92548084e+00	6.92548037e+00	6.88525787e-08
572	6.92722893e+00	6.92722845e+00	6.88351989e-08
573	6.92897415e+00	6.92897367e+00	6.88178616e-08
574	6.93071651e+00	6.93071556e+00	1.37601134e-07
575	6.93245554e+00	6.93245459e+00	1.37566616e-07
576	6.93419170e+00	6.93419075e+00	1.37532169e-07
577	6.93592501e+00	6.93592405e+00	1.37497807e-07
578	6.93765497e+00	6.93765402e+00	1.37463516e-07
579	6.93938208e+00	6.93938112e+00	1.37429311e-07
580	6.94110632e+00	6.94110537e+00	1.37395162e-07
581	6.94282770e+00	6.94282627e+00	2.06041662e-07
582	6.94454575e+00	6.94454479e+00	1.37327120e-07
583	6.94626093e+00	6.94625998e+00	1.37293213e-07
584	6.94797325e+00	6.94797230e+00	1.37259377e-07
585	6.94968271e+00	6.94968176e+00	1.37225612e-07
586	6.95138931e+00	6.95138788e+00	2.05787899e-07
587	6.95309305e+00	6.95309162e+00	2.05737464e-07
588	6.95479393e+00	6.95479202e+00	2.74249544e-07
589	6.95649195e+00	6.95649004e+00	2.74182611e-07
590	6.95818663e+00	6.95818472e+00	2.74115848e-07
591	6.95987844e+00	6.95987701e+00	2.05536892e-07
592	6.96156740e+00	6.96156597e+00	2.05487027e-07
593	6.96325397e+00	6.96325254e+00	2.05437260e-07
594	6.96493769e+00	6.96493578e+00	2.73850134e-07
595	6.96661854e+00	6.96661663e+00	2.73784053e-07
596	6.96829653e+00	6.96829462e+00	2.73718143e-07
597	6.96997166e+00	6.96996975e+00	2.73652347e-07
598	6.97164392e+00	6.97164202e+00	2.73586721e-07
599	6.97331333e+00	6.97331142e+00	2.73521209e-07
600	6.97497988e+00	6.97497797e+00	2.73455868e-07
601	6.97664356e+00	6.97664165e+00	2.73390668e-07
602	6.97830486e+00	6.97830296e+00	2.73325583e-07
603	6.97996330e+00	6.97996140e+00	2.73260639e-07
604	6.98161888e+00	6.98161697e+00	2.73195838e-07
605	6.98327160e+00	6.98327017e+00	2.04848362e-07
606	6.98492193e+00	6.98492002e+00	2.73066632e-07
607	6.98656940e+00	6.98656750e+00	2.73002257e-07
608	6.98821402e+00	6.98821259e+00	2.04703483e-07
609	6.98985624e+00	6.98985434e+00	2.72873876e-07
610	6.99149561e+00	6.99149370e+00	2.72809899e-07
611	6.99313211e+00	6.99313021e+00	2.72746036e-07
612	6.99476624e+00	6.99476433e+00	2.72682342e-07
613	6.99639750e+00	6.99639559e+00	2.72618763e-07
614	6.99802637e+00	6.99802446e+00	2.72555297e-07
615	6.99965239e+00	6.99965048e+00	2.72491974e-07
616	7.00127554e+00	7.00127411e+00	2.04321594e-07
617	7.00289631e+00	7.00289488e+00	2.04274301e-07
618	7.00451422e+00	7.00451279e+00	2.04227121e-07
619	7.00612974e+00	7.00612831e+00	2.04180026e-07
620	7.00774288e+00	7.00774145e+00	2.04133030e-07
621	7.00935316e+00	7.00935173e+00	2.04086135e-07
622	7.01096106e+00	7.01095915e+00	2.72052461e-07
623	7.01256609e+00	7.01256418e+00	2.71990189e-07
624	7.01416874e+00	7.01416683e+00	2.71928030e-07
625	7.01576853e+00	7.01576662e+00	2.71866043e-07
626	7.01736593e+00	7.01736450e+00	2.03853091e-07
627	7.01896095e+00	7.01895905e+00	2.71742380e-07
628	7.02055311e+00	7.02055168e+00	2.03760550e-07
629	7.02214289e+00	7.02214146e+00	2.03714421e-07
630	7.02373028e+00	7.02372837e+00	2.71557866e-07
631	7.02531528e+00	7.02531338e+00	2.71496589e-07
632	7.02689743e+00	7.02689552e+00	2.71435454e-07
633	7.02847719e+00	7.02847528e+00	2.71374461e-07
634	7.03005457e+00	7.03005266e+00	2.71313553e-07
635	7.03162956e+00	7.03162766e+00	2.71252787e-07
636	7.03320169e+00	7.03319979e+00	2.71192164e-07
637	7.03477144e+00	7.03477001e+00	2.03348719e-07
638	7.03633881e+00	7.03633738e+00	2.03303429e-07
639	7.03790379e+00	7.03790236e+00	2.03258210e-07
640	7.03946638e+00	7.03946447e+00	2.70950807e-07
641	7.04102659e+00	7.04102468e+00	2.70890780e-07
642	7.04258442e+00	7.04258204e+00	3.38538598e-07
643	7.04413986e+00	7.04413748e+00	3.38463849e-07
644	7.04569244e+00	7.04569006e+00	3.38389242e-07
645	7.04724264e+00	7.04724073e+00	2.70651839e-07
646	7.04879045e+00	7.04878855e+00	2.70592409e-07
647	7.05033588e+00	7.05033445e+00	2.02899798e-07
648	7.05187893e+00	7.05187750e+00	2.02855404e-07
649	7.05341959e+00	7.05341816e+00	2.02811094e-07
650	7.05495787e+00	7.05495644e+00	2.02766870e-07
651	7.05649376e+00	7.05649281e+00	1.35148483e-07
652	7.05802727e+00	7.05802631e+00	1.35119123e-07
653	7.05955887e+00	7.05955791e+00	1.35089806e-07
654	7.06108809e+00	7.06108713e+00	1.35060546e-07
655	7.06261492e+00	7.06261396e+00	1.35031357e-07
656	7.06413937e+00	7.06413841e+00	1.35002210e-07
657	7.06566143e+00	7.06566048e+00	1.34973135e-07
658	7.06718111e+00	7.06718016e+00	1.34944102e-07
659	7.06869841e+00	7.06869745e+00	1.34915140e-07
660	7.07021379e+00	7.07021284e+00	1.34886221e-07
661	7.07172680e+00	7.07172537e+00	2.02286060e-07
662	7.07323742e+00	7.07323599e+00	2.02242859e-07
663	7.07474566e+00	7.07474422e+00	2.02199743e-07
664	7.07625151e+00	7.07625055e+00	1.34771128e-07
665	7.07775545e+00	7.07775402e+00	2.02113753e-07
666	7.07925701e+00	7.07925558e+00	2.02070893e-07
667	7.08075619e+00	7.08075476e+00	2.02028104e-07
668	7.08225298e+00	7.08225203e+00	1.34656929e-07
669	7.08374786e+00	7.08374643e+00	2.01942782e-07
670	7.08524036e+00	7.08523893e+00	2.01900249e-07
671	7.08673048e+00	7.08672953e+00	1.34571849e-07
672	7.08821869e+00	7.08821774e+00	1.34543598e-07
673	7.08970451e+00	7.08970356e+00	1.34515403e-07
674	7.09118843e+00	7.09118700e+00	2.01730884e-07
675	7.09266996e+00	7.09266853e+00	2.01688749e-07
676	7.09414911e+00	7.09414768e+00	2.01646699e-07
677	7.09562635e+00	7.09562492e+00	2.01604720e-07
678	7.09710121e+00	7.09709978e+00	2.01562827e-07
679	7.09857416e+00	7.09857273e+00	2.01521004e-07
680	7.10004473e+00	7.10004330e+00	2.01479267e-07
681	7.10151339e+00	7.10151148e+00	2.68583477e-07
682	7.10297966e+00	7.10297775e+00	2.68528026e-07
683	7.10444403e+00	7.10444212e+00	2.68472689e-07
684	7.10590601e+00	7.10590410e+00	2.68417438e-07
685	7.10736609e+00	7.10736370e+00	3.35452910e-07
686	7.10882378e+00	7.10882187e+00	2.68307275e-07
687	7.11027956e+00	7.11027718e+00	3.35315463e-07
688	7.11173296e+00	7.11173058e+00	3.35246909e-07
689	7.11318445e+00	7.11318207e+00	3.35178527e-07
690	7.11463356e+00	7.11463165e+00	2.68088172e-07
691	7.11608076e+00	7.11607838e+00	3.35042103e-07
692	7.11752605e+00	7.11752367e+00	3.34974061e-07
693	7.11896896e+00	7.11896658e+00	3.34906161e-07
694	7.12040997e+00	7.12040758e+00	3.34838376e-07
695	7.12184858e+00	7.12184620e+00	3.34770760e-07
696	7.12328529e+00	7.12328339e+00	2.67762573e-07
697	7.12472010e+00	7.12471771e+00	3.34635814e-07
698	7.12615299e+00	7.12615061e+00	3.34568540e-07
699	7.12758350e+00	7.12758112e+00	3.34501379e-07
700	7.12901211e+00	7.12900972e+00	3.34434361e-07
701	7.13043880e+00	7.13043594e+00	4.01240953e-07
702	7.13186312e+00	7.13186073e+00	3.34300665e-07
703	7.13328552e+00	7.13328314e+00	3.34234016e-07
704	7.13470602e+00	7.13470364e+00	3.34167453e-07
705	7.13612461e+00	7.13612223e+00	3.34101031e-07
706	7.13754082e+00	7.13753843e+00	3.34034752e-07
707	7.13895512e+00	7.13895321e+00	2.67174840e-07
708	7.14036751e+00	7.14036560e+00	2.67121976e-07
709	7.14177799e+00	7.14177561e+00	3.33836567e-07
710	7.14318657e+00	7.14318419e+00	3.33770743e-07
711	7.14459324e+00	7.14459085e+00	3.33705003e-07
712	7.14599752e+00	7.14599514e+00	3.33639434e-07
713	7.14739990e+00	7.14739799e+00	2.66859161e-07
714	7.14880037e+00	7.14879847e+00	2.66806893e-07
715	7.15019894e+00	7.15019703e+00	2.66754682e-07
716	7.15159559e+00	7.15159369e+00	2.66702614e-07
717	7.15299034e+00	7.15298843e+00	2.66650602e-07
718	7.15438318e+00	7.15438128e+00	2.66598676e-07
719	7.15577412e+00	7.15577173e+00	3.33183607e-07
720	7.15716314e+00	7.15716076e+00	3.33118948e-07
721	7.15855026e+00	7.15854788e+00	3.33054402e-07
722	7.15993547e+00	7.15993261e+00	3.99587975e-07
723	7.16131878e+00	7.16131592e+00	3.99510782e-07
724	7.16270018e+00	7.16269732e+00	3.99433731e-07
725	7.16407967e+00	7.16407633e+00	4.65916315e-07
726	7.16545725e+00	7.16545391e+00	4.65826759e-07
727	7.16683292e+00	7.16682911e+00	5.32271258e-07
728	7.16820669e+00	7.16820288e+00	5.32169281e-07
729	7.16957855e+00	7.16957474e+00	5.32067418e-07
730	7.17094851e+00	7.17094469e+00	5.31965782e-07
731	7.17231655e+00	7.17231274e+00	5.31864316e-07
732	7.17368269e+00	7.17367887e+00	5.31763021e-07
733	7.17504692e+00	7.17504311e+00	5.31661954e-07
734	7.17640924e+00	7.17640543e+00	5.31561000e-07
735	7.17776966e+00	7.17776585e+00	5.31460273e-07
736	7.17912817e+00	7.17912483e+00	4.64939689e-07
737	7.18048525e+00	7.18048143e+00	5.31259275e-07
738	7.18184042e+00	7.18183661e+00	5.31159003e-07
739	7.18319368e+00	7.18318987e+00	5.31058959e-07
740	7.18454504e+00	7.18454123e+00	5.30959085e-07
741	7.18589449e+00	7.18589067e+00	5.30859324e-07
742	7.18724203e+00	7.18723822e+00	5.30759849e-07
743	7.18858814e+00	7.18858433e+00	5.30660429e-07
744	7.18993235e+00	7.18992805e+00	5.96881421e-07
745	7.19127464e+00	7.19127035e+00	5.96770008e-07
746	7.19261503e+00	7.19261074e+00	5.96658765e-07
747	7.19395351e+00	7.19394970e+00	5.30264629e-07
748	7.19529057e+00	7.19528675e+00	5.30166119e-07
749	7.19662571e+00	7.19662189e+00	5.30067780e-07
750	7.19795895e+00	7.19795513e+00	5.29969554e-07
751	7.19929028e+00	7.19928694e+00	4.63637605e-07
752	7.20062017e+00	7.20061636e+00	5.29773729e-07
753	7.20194817e+00	7.20194435e+00	5.29676015e-07
754	7.20327425e+00	7.20327091e+00	4.63381184e-07
755	7.20459890e+00	7.20459509e+00	5.29481156e-07
756	7.20592165e+00	7.20591784e+00	5.29383954e-07
757	7.20724249e+00	7.20723915e+00	4.63126042e-07
758	7.20856190e+00	7.20855856e+00	4.63041260e-07
759	7.20987940e+00	7.20987606e+00	4.62956649e-07
760	7.21119499e+00	7.21119165e+00	4.62872208e-07
761	7.21250916e+00	7.21250582e+00	4.62787852e-07
762	7.21382141e+00	7.21381807e+00	4.62703667e-07
763	7.21513224e+00	7.21512890e+00	4.62619596e-07
764	7.21644115e+00	7.21643734e+00	5.28612247e-07
765	7.21774817e+00	7.21774483e+00	4.62451936e-07
766	7.21905375e+00	7.21904993e+00	5.28420969e-07
767	7.22035742e+00	7.22035408e+00	4.62284817e-07
768	7.22165966e+00	7.22165585e+00	5.28230260e-07
769	7.22296000e+00	7.22295666e+00	4.62118265e-07
770	7.22425890e+00	7.22425508e+00	5.28040232e-07
771	7.22555590e+00	7.22555208e+00	5.27945417e-07
772	7.22685146e+00	7.22684765e+00	5.27850773e-07
773	7.22814512e+00	7.22814131e+00	5.27756299e-07
774	7.22943687e+00	7.22943306e+00	5.27661996e-07
775	7.23072720e+00	7.23072338e+00	5.27567863e-07
776	7.23201609e+00	7.23201227e+00	5.27473844e-07
777	7.23330307e+00	7.23329926e+00	5.27379996e-07
778	7.23458862e+00	7.23458433e+00	5.93197115e-07
779	7.23587227e+00	7.23586798e+00	5.93091841e-07
780	7.23715448e+00	7.23715019e+00	5.92986794e-07
781	7.23843479e+00	7.23843050e+00	5.92881918e-07
782	7.23971367e+00	7.23970938e+00	5.92777155e-07
783	7.24099064e+00	7.24098682e+00	5.26820088e-07
784	7.24226618e+00	7.24226189e+00	5.92568256e-07
785	7.24354029e+00	7.24353600e+00	5.92464005e-07
786	7.24481249e+00	7.24480820e+00	5.92359982e-07
787	7.24608326e+00	7.24607897e+00	5.92256072e-07
788	7.24735212e+00	7.24734783e+00	5.92152389e-07
789	7.24861956e+00	7.24861526e+00	5.92048877e-07
790	7.24988556e+00	7.24988127e+00	5.91945479e-07
791	7.25114965e+00	7.25114536e+00	5.91842308e-07
792	7.25241232e+00	7.25240850e+00	5.25990401e-07
793	7.25367355e+00	7.25366926e+00	5.91636365e-07
794	7.25493288e+00	7.25492907e+00	5.25807650e-07
795	7.25619078e+00	7.25618649e+00	5.91431103e-07
796	7.25744724e+00	7.25744295e+00	5.91328728e-07
797	7.25870180e+00	7.25869751e+00	5.91226524e-07
798	7.25995493e+00	7.25995064e+00	5.91124490e-07
799	7.26120663e+00	7.26120234e+00	5.91022570e-07
800	7.26245642e+00	7.26245260e+00	5.25262976e-07
801	7.26370478e+00	7.26370096e+00	5.25172652e-07
802	7.26495171e+00	7.26494741e+00	5.90717889e-07
803	7.26619720e+00	7.26619291e+00	5.90616651e-07
804	7.26744080e+00	7.26743650e+00	5.90515583e-07
805	7.26868296e+00	7.26867914e+00	5.24813004e-07
806	7.26992369e+00	7.26991987e+00	5.24723418e-07
807	7.27116299e+00	7.27115870e+00	5.90213290e-07
808	7.27240038e+00	7.27239656e+00	5.24544703e-07
809	7.27363634e+00	7.27363253e+00	5.24455572e-07
810	7.27487087e+00	7.27486706e+00	5.24366612e-07
811	7.27610397e+00	7.27610016e+00	5.24277709e-07
812	7.27733564e+00	7.27733183e+00	5.24188977e-07
813	7.27856588e+00	7.27856207e+00	5.24100415e-07
814	7.27979422e+00	7.27979040e+00	5.24011966e-07
815	7.28102112e+00	7.28101730e+00	5.23923688e-07
816	7.28224659e+00	7.28224277e+00	5.23835524e-07
817	7.28347063e+00	7.28346682e+00	5.23747474e-07
818	7.28469324e+00	7.28468943e+00	5.23659537e-07
819	7.28591442e+00	7.28591061e+00	5.23571771e-07
820	7.28713417e+00	7.28712988e+00	5.88919704e-07
821	7.28835201e+00	7.28834772e+00	5.88821308e-07
822	7.28956842e+00	7.28956461e+00	5.23309325e-07
823	7.29078341e+00	7.29077959e+00	5.23222127e-07
824	7.29199696e+00	7.29199314e+00	5.23135043e-07
825	7.29320908e+00	7.29320526e+00	5.23048129e-07
826	7.29441977e+00	7.29441595e+00	5.22961329e-07
827	7.29562902e+00	7.29562521e+00	5.22874643e-07
828	7.29683685e+00	7.29683304e+00	5.22788071e-07
829	7.29804325e+00	7.29803896e+00	5.88039370e-07
830	7.29924822e+00	7.29924393e+00	5.87942338e-07
831	7.30045176e+00	7.30044746e+00	5.87845420e-07
832	7.30165386e+00	7.30164957e+00	5.87748616e-07
833	7.30285454e+00	7.30284977e+00	6.52946710e-07
834	7.30405378e+00	7.30404902e+00	6.52839503e-07
835	7.30525160e+00	7.30524635e+00	7.18005708e-07
836	7.30644798e+00	7.30644274e+00	7.17888156e-07
837	7.30764294e+00	7.30763721e+00	7.83022699e-07
838	7.30883646e+00	7.30883074e+00	7.82894858e-07
839	7.31002855e+00	7.31002283e+00	7.82767188e-07
840	7.31121922e+00	7.31121349e+00	7.82639688e-07
841	7.31240845e+00	7.31240225e+00	8.47721822e-07
842	7.31359625e+00	7.31359005e+00	8.47584147e-07
843	7.31478262e+00	7.31477642e+00	8.47446699e-07
844	7.31596756e+00	7.31596136e+00	8.47309423e-07
845	7.31715107e+00	7.31714439e+00	9.12339544e-07
846	7.31833315e+00	7.31832647e+00	9.12192206e-07
847	7.31951380e+00	7.31950712e+00	9.12045039e-07
848	7.32069302e+00	7.32068634e+00	9.11898155e-07
849	7.32187080e+00	7.32186413e+00	9.11751442e-07
850	7.32304716e+00	7.32304096e+00	8.46490309e-07
851	7.32422209e+00	7.32421589e+00	8.46354510e-07
852	7.32539558e+00	7.32538986e+00	7.81125095e-07
853	7.32656813e+00	7.32656193e+00	8.46083481e-07
854	7.32773924e+00	7.32773256e+00	9.11021289e-07
855	7.32890892e+00	7.32890224e+00	9.10875883e-07
856	7.33007717e+00	7.33007050e+00	9.10730705e-07
857	7.33124399e+00	7.33123732e+00	9.10585754e-07
858	7.33240938e+00	7.33240318e+00	8.45409488e-07
859	7.33357334e+00	7.33356667e+00	9.10296535e-07
860	7.33473635e+00	7.33472967e+00	9.10152210e-07
861	7.33589792e+00	7.33589125e+00	9.10008055e-07
862	7.33705807e+00	7.33705139e+00	9.09864184e-07
863	7.33821678e+00	7.33821011e+00	9.09720484e-07
864	7.33937407e+00	7.33936739e+00	9.09577068e-07
865	7.34052992e+00	7.34052372e+00	8.44474243e-07
866	7.34168482e+00	7.34167814e+00	9.09290748e-07
867	7.34283829e+00	7.34283161e+00	9.09147957e-07
868	7.34399033e+00	7.34398365e+00	9.09005337e-07
869	7.34514093e+00	7.34513474e+00	8.43944065e-07
870	7.34629059e+00	7.34628391e+00	9.08720722e-07
871	7.34743881e+00	7.34743214e+00	9.08578670e-07
872	7.34858561e+00	7.34857845e+00	9.73325314e-07
873	7.34973097e+00	7.34972382e+00	9.73173655e-07
874	7.35087490e+00	7.35086823e+00	9.08153993e-07
875	7.35201788e+00	7.35201120e+00	9.08012794e-07
876	7.35315943e+00	7.35315275e+00	9.07871822e-07
877	7.35429955e+00	7.35429287e+00	9.07731078e-07
878	7.35543871e+00	7.35543203e+00	9.07590504e-07
879	7.35657644e+00	7.35656929e+00	9.72268026e-07
880	7.35771275e+00	7.35770607e+00	9.07309982e-07
881	7.35884762e+00	7.35884094e+00	9.07170090e-07
882	7.35998154e+00	7.35997486e+00	9.07030312e-07
883	7.36111403e+00	7.36110735e+00	9.06890762e-07
884	7.36224508e+00	7.36223888e+00	8.41983422e-07
885	7.36337519e+00	7.36336851e+00	9.06612286e-07
886	7.36450386e+00	7.36449718e+00	9.06473304e-07
887	7.36563110e+00	7.36562443e+00	9.06334606e-07
888	7.36675739e+00	7.36675072e+00	9.06196021e-07
889	7.36788225e+00	7.36787558e+00	9.06057664e-07
890	7.36900568e+00	7.36899948e+00	8.41210976e-07
891	7.37012815e+00	7.37012196e+00	8.41082851e-07
892	7.37124920e+00	7.37124252e+00	9.05643844e-07
893	7.37236881e+00	7.37236214e+00	9.05506283e-07
894	7.37348747e+00	7.37348080e+00	9.05368893e-07
895	7.37460470e+00	7.37459850e+00	8.40572284e-07
896	7.37572098e+00	7.37571430e+00	9.05094737e-07
897	7.37683582e+00	7.37682915e+00	9.04957972e-07
898	7.37794924e+00	7.37794304e+00	8.40191205e-07
899	7.37906170e+00	7.37905502e+00	9.04684953e-07
900	7.38017273e+00	7.38016605e+00	9.04548756e-07
901	7.38128281e+00	7.38127613e+00	9.04412730e-07
902	7.38239145e+00	7.38238478e+00	9.04276931e-07
903	7.38349867e+00	7.38349199e+00	9.04141302e-07
904	7.38460493e+00	7.38459826e+00	9.04005901e-07
905	7.38570976e+00	7.38570356e+00	8.39308427e-07
906	7.38681364e+00	7.38680744e+00	8.39182974e-07
907	7.38791609e+00	7.38790989e+00	8.39057748e-07
908	7.38901758e+00	7.38901091e+00	9.03466002e-07
909	7.39011765e+00	7.39011145e+00	8.38807807e-07
910	7.39121675e+00	7.39121008e+00	9.03197190e-07
911	7.39231443e+00	7.39230776e+00	9.03063096e-07
912	7.39341116e+00	7.39340448e+00	9.02929116e-07
913	7.39450645e+00	7.39449978e+00	9.02795364e-07
914	7.39560032e+00	7.39559364e+00	9.02661839e-07
915	7.39669323e+00	7.39668655e+00	9.02528484e-07
916	7.39778471e+00	7.39777851e+00	8.37938444e-07
917	7.39887524e+00	7.39886904e+00	8.37814923e-07
918	7.39996433e+00	7.39995813e+00	8.37691630e-07
919	7.40105247e+00	7.40104628e+00	8.37568450e-07
920	7.40213966e+00	7.40213299e+00	9.01864382e-07
921	7.40322542e+00	7.40321875e+00	9.01732108e-07
922	7.40431023e+00	7.40430355e+00	9.01600004e-07
923	7.40539360e+00	7.40538692e+00	9.01468127e-07
924	7.40647602e+00	7.40646935e+00	9.01336364e-07
925	7.40755701e+00	7.40755033e+00	9.01204828e-07
926	7.40863705e+00	7.40863037e+00	9.01073463e-07
927	7.40971565e+00	7.40970898e+00	9.00942268e-07
928	7.41079330e+00	7.41078663e+00	9.00811301e-07
929	7.41186953e+00	7.41186285e+00	9.00680504e-07
930	7.41294479e+00	7.41293812e+00	9.00549821e-07
931	7.41401911e+00	7.41401243e+00	9.00419366e-07
932	7.41509199e+00	7.41508532e+00	9.00289081e-07
933	7.41616392e+00	7.41615725e+00	9.00158909e-07
934	7.41723442e+00	7.41722775e+00	9.00029022e-07
935	7.41830397e+00	7.41829729e+00	8.99899248e-07
936	7.41937256e+00	7.41936541e+00	9.64038918e-07
937	7.42043972e+00	7.42043257e+00	9.63900334e-07
938	7.42150593e+00	7.42149878e+00	9.63761863e-07
939	7.42257071e+00	7.42256403e+00	8.99381973e-07
940	7.42363453e+00	7.42362785e+00	8.99253052e-07
941	7.42469740e+00	7.42469025e+00	9.63347588e-07
942	7.42575884e+00	7.42575216e+00	8.98995836e-07
943	7.42681932e+00	7.42681217e+00	9.63072353e-07
944	7.42787886e+00	7.42787170e+00	9.62935019e-07
945	7.42893696e+00	7.42892981e+00	9.62797799e-07
946	7.42999411e+00	7.42998695e+00	9.62660806e-07
947	7.43105030e+00	7.43104315e+00	9.62524041e-07
948	7.43210506e+00	7.43209791e+00	9.62387389e-07
949	7.43315887e+00	7.43315172e+00	9.62250965e-07
950	7.43421173e+00	7.43420410e+00	1.02625575e-06
951	7.43526316e+00	7.43525553e+00	1.02611057e-06
952	7.43631363e+00	7.43630600e+00	1.02596562e-06
953	7.43736315e+00	7.43735552e+00	1.02582089e-06
954	7.43841124e+00	7.43840361e+00	1.02567628e-06
955	7.43945837e+00	7.43945074e+00	1.02553201e-06
956	7.44050455e+00	7.44049692e+00	1.02538775e-06
957	7.44154930e+00	7.44154167e+00	1.02524382e-06
958	7.44259310e+00	7.44258547e+00	1.02510000e-06
959	7.44363594e+00	7.44362831e+00	1.02495642e-06
960	7.44467783e+00	7.44466972e+00	1.08886388e-06
961	7.44571829e+00	7.44571066e+00	1.02466970e-06
962	7.44675779e+00	7.44675016e+00	1.02452668e-06
963	7.44779634e+00	7.44778872e+00	1.02438389e-06
964	7.44883347e+00	7.44882584e+00	1.02424121e-06
965	7.44986963e+00	7.44986248e+00	9.60092507e-07
966	7.45090485e+00	7.45089769e+00	9.59959152e-07
967	7.45193911e+00	7.45193148e+00	1.02381432e-06
968	7.45297194e+00	7.45296478e+00	9.59692898e-07
969	7.45400381e+00	7.45399666e+00	9.59559998e-07
970	7.45503473e+00	7.45502758e+00	9.59427325e-07
971	7.45606470e+00	7.45605755e+00	9.59294766e-07
972	7.45709372e+00	7.45708656e+00	9.59162435e-07
973	7.45812130e+00	7.45811415e+00	9.59030331e-07
974	7.45914793e+00	7.45914078e+00	9.58898340e-07
975	7.46017361e+00	7.46016645e+00	9.58766464e-07
976	7.46119833e+00	7.46119118e+00	9.58634814e-07
977	7.46222210e+00	7.46221495e+00	9.58503279e-07
978	7.46324444e+00	7.46323729e+00	9.58371970e-07
979	7.46426582e+00	7.46425867e+00	9.58240776e-07
980	7.46528625e+00	7.46527910e+00	9.58109808e-07
981	7.46630573e+00	7.46629858e+00	9.57979069e-07
982	7.46732426e+00	7.46731710e+00	9.57848329e-07
983	7.46834135e+00	7.46833420e+00	9.57717930e-07
984	7.46935749e+00	7.46935034e+00	9.57587645e-07
985	7.47037268e+00	7.47036600e+00	8.93626918e-07
986	7.47138691e+00	7.47137976e+00	9.57327529e-07
987	7.47240019e+00	7.47239304e+00	9.57197699e-07
988	7.47341251e+00	7.47340536e+00	9.57067982e-07
989	7.47442341e+00	7.47441626e+00	9.56938607e-07
990	7.47543335e+00	7.47542667e+00	8.93021991e-07
991	7.47644234e+00	7.47643566e+00	8.92901426e-07
992	7.47745037e+00	7.47744370e+00	8.92781088e-07
993	7.47845745e+00	7.47845078e+00	8.92660864e-07
994	7.47946358e+00	7.47945690e+00	8.92540754e-07
995	7.48046875e+00	7.48046160e+00	9.56165195e-07
996	7.48147297e+00	7.48146582e+00	9.56036843e-07
997	7.48247576e+00	7.48246908e+00	8.92181447e-07
998	7.48347759e+00	7.48347092e+00	8.92062019e-07
999	7.48447847e+00	7.48447180e+00	8.91942705e-07
